Tom_X,Tom_Y,Jerry_X,Jerry_Y,Spike_X,Spike_Y
17,19,15,18,15,18
24,9,26,25,2,12
23,10,25,24,3,11
24,11,24,23,4,11
25,11,23,22,5,12
25,12,22,21,6,12
25,13,21,20,7,13
25,14,20,19,8,14
24,15,19,18,9,15
23,16,18,17,10,16
22,16,17,16,11,17
21,17,16,16,12,16
20,18,15,17,13,16
19,18,14,17,13,17
18,19,14,18,14,17
17,19,15,18,15,18
